score =

    1.0556
   -1.0060
   -1.0252
   -0.8558
    0.9855
    0.8611
   -1.0092
   -0.9306
   -1.0130
   -0.9940
   -1.0067
   -1.2784
    1.1955
   -1.0570
   -0.9242
   -1.0100
   -1.0559
   -0.9780
    0.8439
   -0.9193
   -1.0049
   -0.9119
   -0.8761
   -1.0025
    0.8015
   -0.9862
   -1.0170
   -1.0139
   -0.9949
   -0.9049
   -1.0026
   -0.9526
   -0.9862
    0.8015
   -0.8761
    1.1810
   -1.0743
   -1.0064
   -1.0174
   -0.9912
   -0.9899
   -0.8795
   -1.0020
   -1.1861
   -0.9648
   -0.9820
   -1.0268
   -0.9646
    1.1789
   -0.9906
   -1.1993
   -0.9751
   -0.9998
   -1.0409
